字母 a :  57 AB 00 02 08 00 00 04 00 00 00 00 00 10
字母 b :  57 AB 00 02 08 00 00 05 00 00 00 00 00 11
字母 c :  57 AB 00 02 08 00 00 06 00 00 00 00 00 12
字母 d :  57 AB 00 02 08 00 00 07 00 00 00 00 00 13
字母e :  57 AB 00 02 08 00 00 08 00 00 00 00 00 14
字母f :  57 AB 00 02 08 00 00 09 00 00 00 00 00 15
字母g :  57 AB 00 02 08 00 00 0A 00 00 00 00 00 16
字母h :  57 AB 00 02 08 00 00 0B 00 00 00 00 00 17
字母i :  57 AB 00 02 08 00 00 0C 00 00 00 00 00 18
字母j :  57 AB 00 02 08 00 00 0D 00 00 00 00 00 19
字母k :  57 AB 00 02 08 00 00 0E 00 00 00 00 00 1A
字母l :  57 AB 00 02 08 00 00 0F 00 00 00 00 00 1B
字母m :  57 AB 00 02 08 00 00 10 00 00 00 00 00 1C
字母n :  57 AB 00 02 08 00 00 11 00 00 00 00 00 1D
字母o :  57 AB 00 02 08 00 00 12 00 00 00 00 00 1E
字母p :  57 AB 00 02 08 00 00 13 00 00 00 00 00 1F
字母q :  57 AB 00 02 08 00 00 14 00 00 00 00 00 20
字母r :  57 AB 00 02 08 00 00 15 00 00 00 00 00 21
字母s :  57 AB 00 02 08 00 00 16 00 00 00 00 00 22
字母t :  57 AB 00 02 08 00 00 17 00 00 00 00 00 23
字母u :  57 AB 00 02 08 00 00 18 00 00 00 00 00 24
字母v :  57 AB 00 02 08 00 00 19 00 00 00 00 00 25
字母w :  57 AB 00 02 08 00 00 1A 00 00 00 00 00 26
字母x :  57 AB 00 02 08 00 00 1B 00 00 00 00 00 27
字母y :  57 AB 00 02 08 00 00 1C 00 00 00 00 00 28
字母z :  57 AB 00 02 08 00 00 1D 00 00 00 00 00 29
英文数字区 1 :  57 AB 00 02 08 00 00 1E 00 00 00 00 00 2A
英文数字区 2 :  57 AB 00 02 08 00 00 1F 00 00 00 00 00 2B
英文数字区 3 :  57 AB 00 02 08 00 00 20 00 00 00 00 00 2C
英文数字区 4 :  57 AB 00 02 08 00 00 21 00 00 00 00 00 2D
英文数字区 5 :  57 AB 00 02 08 00 00 22 00 00 00 00 00 2E
英文数字区 6 :  57 AB 00 02 08 00 00 23 00 00 00 00 00 2F
英文数字区 7 :  57 AB 00 02 08 00 00 24 00 00 00 00 00 30
英文数字区 8 :  57 AB 00 02 08 00 00 25 00 00 00 00 00 31
英文数字区 9 :  57 AB 00 02 08 00 00 26 00 00 00 00 00 32
英文数字区 0 :  57 AB 00 02 08 00 00 27 00 00 00 00 00 33
enter 回车 :  57 AB 00 02 08 00 00 28 00 00 00 00 00 34
esc 取消 :  57 AB 00 02 08 00 00 29 00 00 00 00 00 35
backspace 回退 :  57 AB 00 02 08 00 00 2A 00 00 00 00 00 36
tab 制表符 :  57 AB 00 02 08 00 00 2B 00 00 00 00 00 37
space 空格 :  57 AB 00 02 08 00 00 2C 00 00 00 00 00 38
- 减号 :  57 AB 00 02 08 00 00 2D 00 00 00 00 00 39
= 等于号 :  57 AB 00 02 08 00 00 2E 00 00 00 00 00 3A
[ 左方角方括号 :  57 AB 00 02 08 00 00 2F 00 00 00 00 00 3B
] 右方角方括号 :  57 AB 00 02 08 00 00 30 00 00 00 00 00 3C
\ 反斜杠 :  57 AB 00 02 08 00 00 31 00 00 00 00 00 3D
; 分号 :  57 AB 00 02 08 00 00 33 00 00 00 00 00 3F
' 单引号 :  57 AB 00 02 08 00 00 34 00 00 00 00 00 40
` 标志符 :  57 AB 00 02 08 00 00 35 00 00 00 00 00 41
, 逗号 :  57 AB 00 02 08 00 00 36 00 00 00 00 00 42
. 点号 :  57 AB 00 02 08 00 00 37 00 00 00 00 00 43
/ 斜杠 :  57 AB 00 02 08 00 00 38 00 00 00 00 00 44
大小写开关 :  57 AB 00 02 08 00 00 39 00 00 00 00 00 45
f1 :  57 AB 00 02 08 00 00 3A 00 00 00 00 00 46
f2 :  57 AB 00 02 08 00 00 3B 00 00 00 00 00 47
f3 :  57 AB 00 02 08 00 00 3C 00 00 00 00 00 48
f4 :  57 AB 00 02 08 00 00 3D 00 00 00 00 00 49
f5 :  57 AB 00 02 08 00 00 3E 00 00 00 00 00 4A
f6 :  57 AB 00 02 08 00 00 3F 00 00 00 00 00 4B
f7 :  57 AB 00 02 08 00 00 40 00 00 00 00 00 4C
f8 :  57 AB 00 02 08 00 00 41 00 00 00 00 00 4D
f9 :  57 AB 00 02 08 00 00 42 00 00 00 00 00 4E
f10 :  57 AB 00 02 08 00 00 43 00 00 00 00 00 4F
f11 :  57 AB 00 02 08 00 00 44 00 00 00 00 00 50
f12 :  57 AB 00 02 08 00 00 45 00 00 00 00 00 51
Print Scr :  57 AB 00 02 08 00 00 46 00 00 00 00 00 52
ScrollLock :  57 AB 00 02 08 00 00 47 00 00 00 00 00 53
Pause Break :  57 AB 00 02 08 00 00 48 00 00 00 00 00 54
Insert :  57 AB 00 02 08 00 00 49 00 00 00 00 00 55
Home :  57 AB 00 02 08 00 00 4A 00 00 00 00 00 56
Page Up :  57 AB 00 02 08 00 00 4B 00 00 00 00 00 57
Delete :  57 AB 00 02 08 00 00 4C 00 00 00 00 00 58
End :  57 AB 00 02 08 00 00 4D 00 00 00 00 00 59
Page Down :  57 AB 00 02 08 00 00 4E 00 00 00 00 00 5A
键盘右键 :  57 AB 00 02 08 00 00 4F 00 00 00 00 00 5B
键盘左键 :  57 AB 00 02 08 00 00 50 00 00 00 00 00 5C
键盘下键 :  57 AB 00 02 08 00 00 51 00 00 00 00 00 5D
键盘上键 :  57 AB 00 02 08 00 00 52 00 00 00 00 00 5E
Numlock :  57 AB 00 02 08 00 00 53 00 00 00 00 00 5F
数字键盘 / 除号 :  57 AB 00 02 08 00 00 54 00 00 00 00 00 60
数字键盘 * 除号 :  57 AB 00 02 08 00 00 55 00 00 00 00 00 61
数字键盘 - 除号 :  57 AB 00 02 08 00 00 56 00 00 00 00 00 62
数字键盘 + 除号 :  57 AB 00 02 08 00 00 57 00 00 00 00 00 63
enter 数字键盘区回车键 :  57 AB 00 02 08 00 00 58 00 00 00 00 00 64
数字键盘 End :  57 AB 00 02 08 00 00 59 00 00 00 00 00 65
数字键盘 下键 :  57 AB 00 02 08 00 00 5A 00 00 00 00 00 66
数字键盘 Next :  57 AB 00 02 08 00 00 5B 00 00 00 00 00 67
数字键盘 左键 :  57 AB 00 02 08 00 00 5C 00 00 00 00 00 68
数字键盘 Clear :  57 AB 00 02 08 00 00 5D 00 00 00 00 00 69
数字键盘 Right :  57 AB 00 02 08 00 00 5E 00 00 00 00 00 6A
数字键盘 Home :  57 AB 00 02 08 00 00 5F 00 00 00 00 00 6B
数字键盘 Up :  57 AB 00 02 08 00 00 60 00 00 00 00 00 6C
数字键盘 Prior :  57 AB 00 02 08 00 00 61 00 00 00 00 00 6D
数字键盘 Insert 插入 :  57 AB 00 02 08 00 00 62 00 00 00 00 00 6E
英文输入 Delete :  57 AB 00 02 08 00 00 63 00 00 00 00 00 6F
数字键盘 Apps :  57 AB 00 02 08 00 00 65 00 00 00 00 00 71
左边 Ctrl :  57 AB 00 02 08 01 00 00 00 00 00 00 00 0D
左边 Shift :  57 AB 00 02 08 02 00 00 00 00 00 00 00 0E
左边 Alt :  57 AB 00 02 08 04 00 00 00 00 00 00 00 10
右边 Alt :  57 AB 00 02 08 40 00 00 00 00 00 00 00 4C
右边 shift :  57 AB 00 02 08 20 00 00 00 00 00 00 00 2C
右边 ctrl :  57 AB 00 02 08 10 00 00 00 00 00 00 00 0D
左边 Win :  57 AB 00 02 08 08 00 00 00 00 00 00 00 0D
右边 Win :  57 AB 00 02 08 80 00 00 00 00 00 00 00 0D

